KRAS_M-?-TP53_M (28) 
 12 24 29 49 103 108 117 128 142 146 181 200 201 205 228 262 283 302 306 335 339 364 385 391 392 414 423 446
KRAS_M-?-STK11_N (14) 
 47 191 192 193 205 206 255 290 308 309 310 311 312 313 314 315 316 317 318 319 320 321 322 323 324 325 326 327 328 329 330 331 346 347 367 369 389 399 460
KEAP1_M-?-KRAS_M (9) 
 49 191 192 193 250 262 305 308 309 310 311 312 313 314 315 316 317 318 319 320 321 322 323 324 325 326 327 328 329 330 331 346 347 438
KEAP1_M-?-TP53_M (13) 
 16 19 49 74 112 211 215 218 262 379 403 411 447
RB1_N-?-TP53_M (9) 
 25 46 131 132 273 288 304 412 414 450
CDKN2A_M-?-TP53_M (13) 
 58 63 112 120 136 187 201 203 257 301 386 387 394 395 396 397 417
NFE2L2_M-?-TP53_M (11) 
 60 61 62 71 83 134 203 210 271 301 336 365 450
KEAP1_M-?-STK11_N (5.9999) 
 191 192 193 223 224 308 309 310 311 312 313 314 315 316 317 318 319 320 321 322 323 324 325 326 327 328 329 330 331 346 347 390
KEAP1_M-?-TP53_N (8) 
 5 114 242 252 253 254 275 351 447
CDKN2A_N-?-TP53_M (12) 
 78 106 112 187 210 262 291 343 362 371 372 416
KMT2D_M-?-TP53_M (10) 
 49 65 121 130 210 271 343 364 406 447
PIK3CA_M-?-TP53_M (10) 
 58 79 83 104 109 134 178 209 385 394 395 396 397
KMT2D_N-?-TP53_M (10) 
 107 159 178 247 361 362 398 400 406 412
FANCM_M-?-TP53_M (5) 
 117 121 131 132 210 450
NF1_M-?-TP53_M (10) 
 29 49 142 143 300 348 407 420 449 461 462
KRAS_M-?-PIK3CA_M (6) 
 34 175 277 385 451 459
KRAS_M-?-TP53_N (10) 
 48 138 182 204 225 258 277 333 373 446
CREBBP_M-?-TP53_M (9) 
 109 196 197 211 283 292 301 385 406 416
FAT1_M-?-TP53_M (8) 
 14 15 76 123 187 211 335 406 458
MGA_N-?-TP53_M (7) 
 19 24 49 103 172 196 197 201
ARID2_M-?-TP53_M (5) 
 19 82 121 271 412
APC_M-?-TP53_M (7) 
 120 130 187 196 197 291 337 376
GRIN2A_M-?-TP53_M (5) 
 136 142 203 210 295
KRAS_M-?-NF1_M (7) 
 29 37 49 142 182 345 399
ATM_M-?-KRAS_M (8) 
 30 32 148 188 189 256 369 399 468
TP53_M->-UBR5_M (11) 
 49 60 61 62 71 92 175 196 197 210 247 365 371 394 395 396 397
FAT1_N-?-TP53_M (10) 
 66 72 78 98 109 149 178 284 364 439
CUX1_M-?-TP53_M (8) 
 84 172 187 267 271 292 360 400
KRAS_M-?-STK11_M (9) 
 126 138 150 158 183 262 305 333 443
SMARCA4_N-?-TP53_M (6) 
 186 203 295 300 341 449
SMARCA4_M-?-TP53_M (5) 
 187 196 197 292 293 294 306
TP53_M-?-ZFP36L1_M (5) 
 52 146 187 307 459
CDKN2A_M-?-NFE2L2_M (6) 
 70 203 277 287 301 359
KRAS_M-?-PTPRB_M (5) 
 188 189 204 283 347 392
KEAP1_M-?-STK11_M (6) 
 6 199 262 305 353 354 355 356 411
KRAS_M-?-MGA_N (6) 
 17 24 49 103 188 189 201
RYR2_N-?-TP53_M (6) 
 46 103 107 121 142 407
STK11_M-?-TP53_M (8) 
 93 139 262 341 398 411 417 458
RASA1_M-?-TP53_M (6) 
 116 130 211 221 364 423
CDKN2A_M-?-TP53_N (5) 
 253 254 277 359 380 425
BRAF_M-?-TP53_M (7) 
 4 7 45 102 139 376 406
SPEN_M-?-TP53_M (5) 
 14 15 94 98 147 292
GRIN2A_M-?-KRAS_M (5) 
 37 138 142 255 435
ARID1A_N-?-TP53_M (6) 
 49 98 291 301 379 430
IKZF1_M-?-TP53_M (6) 
 121 187 211 350 406 411
PTPRB_M-?-TP53_M (6) 
 172 283 392 417 458 465
STK11_N-?-TP53_M (5) 
 23 94 205 249 360
TP53_M->-CHD4_M (7) 
 57 130 221 302 336 348 452
KEAP1_N-?-TP53_M (6) 
 93 247 291 306 417 426
KRAS_M->-TP53_M (7) 
 141 290 303 377 415 438 459
DOT1L_M-?-TP53_M (5) 
 46 139 198 247 379
COL2A1_M-?-TP53_M (5) 
 46 152 407 411 419
KMT2D_M-?-KRAS_M (5) 
 49 111 229 289 364
TP53_M->-FAT1_M (6) 
 52 59 155 200 283 401
NF1_N-?-TP53_M (6) 
 104 136 177 307 381 458
KRAS_M-?-SETD2_N (5) 
 182 201 335 385 451
ARHGAP35_N-?-TP53_M (5) 
 7 45 184 244 350
TP53_M->-PIK3CA_M (5) 
 19 112 175 365 386 387
TP53_M->-ASXL2_M (5) 
 19 218 361 379 459
EGFR_M-?-TP53_M (5) 
 20 25 54 135 301
TP53_M->-ATM_M (5) 
 23 117 146 286 403
KRAS_M-?-SMARCA4_M (5) 
 53 115 250 306 373
TP53_M->-CYLD_M (5) 
 58 78 244 291 293 294
KRAS_M->-TET2_M (5) 
 157 263 264 385 392 466
