KRAS_M-?-TP53_M (28) 
 12 24 29 49 103 108 117 128 142 146 181 200 201 205 228 262 283 302 306 335 339 364 385 391 392 414 423 446
KRAS_M-?-STK11_N (14) 
 47 191 192 193 205 206 255 290 308 309 310 311 312 313 314 315 316 317 318 319 320 321 322 323 324 325 326 327 328 329 330 331 346 347 367 369 389 399 460
KEAP1_M-?-KRAS_M (9) 
 49 191 192 193 250 262 305 308 309 310 311 312 313 314 315 316 317 318 319 320 321 322 323 324 325 326 327 328 329 330 331 346 347 438
KEAP1_M-?-TP53_M (13) 
 16 19 49 74 112 211 215 218 262 379 403 411 447
RB1_N-?-TP53_M (9) 
 25 46 131 132 273 288 304 412 414 450
CDKN2A_M-?-TP53_M (13) 
 58 63 112 120 136 187 201 203 257 301 386 387 394 395 396 397 417
NFE2L2_M-?-TP53_M (11) 
 60 61 62 71 83 134 203 210 271 301 336 365 450
ARID1A_N-?-SNX29_M (3) 
 194 232 233 234 235 236 237 238 239 240 241 291
KEAP1_M-?-STK11_N (5.9999) 
 191 192 193 223 224 308 309 310 311 312 313 314 315 316 317 318 319 320 321 322 323 324 325 326 327 328 329 330 331 346 347 390
KEAP1_M-?-STK11_N KEAP1_M-?-KRAS_M KRAS_M-?-STK11_N (4) 
 191 192 193 308 309 310 311 312 313 314 315 316 317 318 319 320 321 322 323 324 325 326 327 328 329 330 331 346 347
KEAP1_M-?-TP53_N (8) 
 5 114 242 252 253 254 275 351 447
CDKN2A_N-?-TP53_M (12) 
 78 106 112 187 210 262 291 343 362 371 372 416
KMT2D_M-?-TP53_M (10) 
 49 65 121 130 210 271 343 364 406 447
PIK3CA_M-?-TP53_M (10) 
 58 79 83 104 109 134 178 209 385 394 395 396 397
KMT2D_N-?-TP53_M (10) 
 107 159 178 247 361 362 398 400 406 412
FANCM_M-?-TP53_M (5) 
 117 121 131 132 210 450
NF1_M-?-TP53_M (10) 
 29 49 142 143 300 348 407 420 449 461 462
KRAS_M-?-PIK3CA_M (6) 
 34 175 277 385 451 459
KRAS_M-?-TP53_N (10) 
 48 138 182 204 225 258 277 333 373 446
CREBBP_M-?-TP53_M (9) 
 109 196 197 211 283 292 301 385 406 416
FAT1_M-?-TP53_M (8) 
 14 15 76 123 187 211 335 406 458
MGA_N-?-TP53_M (7) 
 19 24 49 103 172 196 197 201
ARID2_M-?-TP53_M (5) 
 19 82 121 271 412
APC_M-?-TP53_M (7) 
 120 130 187 196 197 291 337 376
GRIN2A_M-?-TP53_M (5) 
 136 142 203 210 295
KRAS_M-?-NF1_M (7) 
 29 37 49 142 182 345 399
KRAS_M-?-NF1_M NF1_M-?-TP53_M KRAS_M-?-TP53_M (3) 
 29 49 142
ATM_M-?-KRAS_M (8) 
 30 32 148 188 189 256 369 399 468
TP53_M->-UBR5_M (11) 
 49 60 61 62 71 92 175 196 197 210 247 365 371 394 395 396 397
FAT1_N-?-TP53_M (10) 
 66 72 78 98 109 149 178 284 364 439
CUX1_M-?-TP53_M (8) 
 84 172 187 267 271 292 360 400
KRAS_M-?-STK11_M (9) 
 126 138 150 158 183 262 305 333 443
SMARCA4_N-?-TP53_M (6) 
 186 203 295 300 341 449
SMARCA4_M-?-TP53_M (5) 
 187 196 197 292 293 294 306
EXT1_M-?-KRAS_M (4) 
 22 191 192 193 256 303
TP53_M-?-ZFP36L1_M (5) 
 52 146 187 307 459
CDKN2A_M-?-NFE2L2_M (6) 
 70 203 277 287 301 359
KMT2C_M-?-TP53_M (3) 
 175 301 394 395 396 397
KRAS_M-?-PTPRB_M (5) 
 188 189 204 283 347 392
KRAS_M-?-SGK223_M (3) 
 49 191 192 193 302
KEAP1_M-?-STK11_M (6) 
 6 199 262 305 353 354 355 356 411
KRAS_M-?-MGA_N (6) 
 17 24 49 103 188 189 201
KRAS_M-?-MGA_N MGA_N-?-TP53_M KRAS_M-?-TP53_M (4) 
 24 49 103 201
RYR2_N-?-TP53_M (6) 
 46 103 107 121 142 407
NOTCH1_N-?-TP53_M (4) 
 63 116 131 132 203
PIK3CA_M-?-TP53_N (4) 
 87 268 277 363
STK11_M-?-TP53_M (8) 
 93 139 262 341 398 411 417 458
RASA1_M-?-TP53_M (6) 
 116 130 211 221 364 423
FGFR3_M-?-TP53_M (3) 
 131 132 155 430
CDKN2A_M-?-TP53_N (5) 
 253 254 277 359 380 425
BRAF_M-?-TP53_M (7) 
 4 7 45 102 139 376 406
SPEN_M-?-TP53_M (5) 
 14 15 94 98 147 292
GRIN2A_M-?-KRAS_M (5) 
 37 138 142 255 435
ARID1A_N-?-TP53_M (6) 
 49 98 291 301 379 430
CDKN2A_M-?-PIK3CA_M (3) 
 58 277 394 395 396 397
KMT2D_M-?-TP53_N (4) 
 119 253 254 351 447
FANCM_M-?-KMT2D_M (3) 
 121 188 189 210
IKZF1_M-?-TP53_M (6) 
 121 187 211 350 406 411
PTPRB_M-?-TP53_M (6) 
 172 283 392 417 458 465
RB1_N-?-TP53_N (4) 
 245 246 351 363 422
STK11_N-?-TP53_M (5) 
 23 94 205 249 360
KEAP1_M-?-KMT2D_M (4) 
 49 253 254 351 447
KEAP1_M-?-KMT2D_M KMT2D_M-?-TP53_N KEAP1_M-?-TP53_N (3) 
 253 254 351 447
TP53_M->-CHD4_M (7) 
 57 130 221 302 336 348 452
CDKN2A_M-?-KMT2D_N (4) 
 70 253 254 274 359
KEAP1_N-?-TP53_M (6) 
 93 247 291 306 417 426
DICER1_M-?-TP53_M (3) 
 106 117 196 197
EP300_M-?-TP53_M (4) 
 108 210 218 301
BRCA1_M-?-KEAP1_M (3) 
 114 211 438
PTEN_M-?-TP53_M (4) 
 130 350 386 387 426
RNF43_M-?-TP53_M (3) 
 130 292 394 395 396 397
CBLB_M-?-TP53_N (4) 
 138 261 280 428
KRAS_M->-TP53_M (7) 
 141 290 303 377 415 438 459
KMT2D_M-?-MTOR_M (3) 
 188 189 232 233 234 235 236 237 238 239 240 241 364
KMT2C_N-?-TP53_M (4) 
 7 286 304 417
CBLB_M-?-TP53_M (3) 
 14 15 136 336
EXT2_M-?-TP53_M (3) 
 16 210 439
KEAP1_M-?-MGA_N (3) 
 19 49 275
DOT1L_M-?-TP53_M (5) 
 46 139 198 247 379
COL2A1_M-?-TP53_M (5) 
 46 152 407 411 419
KMT2D_M-?-KRAS_M (5) 
 49 111 229 289 364
TP53_M->-FAT1_M (6) 
 52 59 155 200 283 401
NFE2L2_M-?-TP53_N (4) 
 69 216 277 359
ASXL2_M-?-TP53_M (4) 
 72 117 187 266
SETD2_M-?-TP53_M (4) 
 98 147 364 400
NF1_N-?-TP53_M (6) 
 104 136 177 307 381 458
CBL_M-?-TP53_M (3) 
 127 364 418
NF1_M-?-TP53_N (4) 
 182 425 428 461 462
KRAS_M-?-SETD2_N (5) 
 182 201 335 385 451
PTPRC_M-?-TP53_M (4) 
 210 292 446 447
KMT2D_N-?-TP53_N (3) 
 253 254 260 359
CREBBP_M-?-KRAS_M (3) 
 283 385 466
MGA_M-?-TP53_M (3) 
 0 28 72
ARHGAP35_N-?-TP53_M (5) 
 7 45 184 244 350
ARID2_N-?-KEAP1_M (3) 
 16 374 375 390
CMTR2_N-?-KRAS_M (3) 
 17 148 157
TP53_M->-PIK3CA_M (5) 
 19 112 175 365 386 387
TP53_M->-ASXL2_M (5) 
 19 218 361 379 459
EGFR_M-?-TP53_M (5) 
 20 25 54 135 301
TP53_M->-ATM_M (5) 
 23 117 146 286 403
KRAS_M-?-U2AF1_M (4) 
 29 30 229 339
KRAS_M-?-RAD21_M (4) 
 30 38 138 175
CMTR2_M-?-KRAS_M (3) 
 37 302 303
SGK223_M-?-TP53_M (4) 
 49 172 302 336
KRAS_M-?-SMARCA4_M (5) 
 53 115 250 306 373
TP53_M->-CYLD_M (5) 
 58 78 244 291 293 294
FAT1_N-?-NOTCH1_M (3) 
 72 78 231
FBXW7_M-?-TP53_M (4) 
 79 120 407 423
CDKN2A_N-?-TP53_N (3) 
 86 216 428
KEAP1_N-?-STK11_M (4) 
 93 138 297 417
KRAS_M-?-RYR2_N (3) 
 103 142 194
GATA3_M-?-TP53_M (4) 
 107 143 211 300
FH_M-?-TP53_M (3) 
 120 291 343
TP53_M-?-TP53_N (4) 
 123 446 447 461 462
KRAS_M->-TET2_M (5) 
 157 263 264 385 392 466
KRAS_M-?-POLE_M (3) 
 182 298 332
SETD2_N-?-TP53_M (4) 
 201 335 385 447
SETD2_N-?-TP53_M KRAS_M-?-SETD2_N KRAS_M-?-TP53_M (3) 
 201 335 385
MTOR_M-?-TP53_M (3) 
 211 249 364
CDKN2A_N-?-KRAS_M (4) 
 250 262 357 442
CMTR2_M-?-TP53_M (4) 
 301 302 338 458
ATM_M-?-STK11_N (3) 
 369 399 455 456
KRAS_M->-SMARCA4_M (4.7499) 
 138 160 161 162 163 165 166 167 169 170 191 192 193 308 309 310 311 312 313 314 315 316 317 318 319 320 321 322 323 324 325 326 327 328 329 330 331 459
KRAS_M->-PTPRC_M (4) 
 22 133 191 192 193 206
DOT1L_M-?-KRAS_M (4) 
 26 194 204 285
KRAS_M-?-TSC2_M (3) 
 29 53 262
KEAP1_N-?-KRAS_M (4) 
 34 138 306 367
CSMD3_N-?-TP53_M (3) 
 46 63 360
ARID1A_N-?-KRAS_M (4) 
 49 194 434 451
FANCM_N-?-TP53_M (3) 
 54 198 211
NFE2L2_M->-UBR5_M TP53_M->-UBR5_M NFE2L2_M-?-TP53_M (4) 
 60 61 62 71 210 365
CDKN2A_M-?-NOTCH1_N (3) 
 63 203 277
TP53_M->-COL5A2_M (4) 
 63 291 386 387 400
NOTCH1_M-?-TP53_M (4) 
 64 72 78 136
PTEN_N-?-TP53_M (3) 
 65 147 381
PBRM1_M-?-PIK3CA_M (3) 
 83 209 352
PBRM1_M-?-TP53_M (3) 
 83 155 209
NFE2L2_M-?-PIK3CA_M (3) 
 83 134 277
ASXL1_M-?-TP53_M (4) 
 83 100 156 292
CDKN2A_N-?-CUX1_M (3) 
 85 187 428
FLT4_M-?-TP53_M (3) 
 100 123 360
ARHGAP35_M-?-TP53_M (3) 
 100 301 385
ANK2_N-?-KRAS_M (4) 
 110 158 182 194
CDKN2A_N-?-KEAP1_M (3) 
 112 250 262
STK11_M-?-TP53_N (3) 
 113 138 333
TP53_M->-DNAH12_M (4) 
 117 175 440 441 459
TP53_M->-EP300_M (4) 
 131 132 196 197 407 414
TP53_M->-STK11_M (4) 
 146 379 392 461 462
KRAS_M-?-SMARCA4_N (3) 
 148 303 367
KRAS_M->-PPP3CA_M (4) 
 157 200 367 466
KRAS_M-?-POT1_M (4) 
 182 190 200 335
TP53_M->-TET2_M (4) 
 186 385 392 400
FAT1_M-?-IKZF1_M IKZF1_M-?-TP53_M FAT1_M-?-TP53_M (3) 
 187 211 406
KRAS_M->-FAT1_M (4) 
 188 189 200 283 459
KEAP1_M-?-SMARCA4_M (3) 
 195 250 390
POT1_M-?-TP53_M (4) 
 200 270 335 458
IKZF1_M-?-KEAP1_M (3) 
 211 275 411
CUL3_M-?-TP53_M (3) 
 262 376 463
TP53_N->-ATR_M (4) 
 268 405 446 447
TP53_M-?-ZMYM2_M (3) 
 291 304 364
KEAP1_M->-ASXL2_M (3.9999) 
 19 218 308 309 310 311 312 313 314 315 316 317 318 319 320 321 322 323 324 325 326 327 328 329 330 331 379
KEAP1_M->-ASXL2_M TP53_M->-ASXL2_M KEAP1_M-?-TP53_M (3) 
 19 218 379
KRAS_M->-KMT2D_M (3.9999) 
 36 188 189 308 309 310 311 312 313 314 315 316 317 318 319 320 321 322 323 324 325 326 327 328 329 330 331 434
KEAP1_N-?-TP53_N (3) 
 138 140 353 354 355 356
PTPRB_M->-MTOR_M (3) 
 188 189 231 232 233 234 235 236 237 238 239 240 241
PTPRB_M->-FAT1_M (3) 
 188 189 232 233 234 235 236 237 238 239 240 241 283
TP53_M->-MGA_N (3) 
 0 288 385
EGFR_M-?-TP53_N (3) 
 3 21 340
TP53_M->-PTPRC_M (3) 
 14 15 60 61 62 291
ARID1B_M-?-TP53_M (3) 
 16 73 244
TP53_M->-KRAS_M (3) 
 16 66 175
KRAS_M->-DNMT3A_M (3) 
 17 435 464
KEAP1_M->-PIK3CA_M (3) 
 19 112 195
TP53_M->-MSH2_M (3) 
 19 271 291
TP53_M->-NCOR1_M (3) 
 19 135 295
KEAP1_M->-NCOR1_M (3) 
 19 191 192 193 405
ATM_N-?-KRAS_M (3) 
 32 110 285
KRAS_M->-MGA_M (3) 
 32 157 434
KRAS_M-?-NOTCH2_M (3) 
 37 49 367
APC_N-?-TP53_M (3) 
 45 304 376
TP53_N->-EP300_M (3) 
 48 280 363
KRAS_M->-EP300_M (3) 
 48 231 414
CHD8_M-?-TP53_M (3) 
 49 76 187
CHD8_M-?-KRAS_M (3) 
 49 204 434
TP53_M->-PLXNB2_M (3) 
 57 155 293 294
RASA1_N-?-TP53_M (3) 
 72 104 343
HCN1_N-?-TP53_M (3) 
 72 271 391
TP53_M->-NFE2L2_M (3) 
 72 293 294 360
LATS1_N-?-TP53_M (3) 
 74 139 406
CHD8_M-?-FAT1_M (3) 
 76 187 204
SMARCA4_M-?-TP53_N (3) 
 86 359 373
CDKN2A_N-?-SMARCA4_M (3) 
 86 187 250
NF1_N-?-TP53_N (3) 
 89 380 425
TNR_N-?-TP53_M (3) 
 92 283 406
TP53_N->-PTPRB_M (3) 
 101 268 405
KRAS_M->-CTNNB1_M (3) 
 103 191 192 193 289
TP53_M->-KMT2C_M (3) 
 107 379 418
KEAP1_M->-KMT2C_M (3) 
 114 253 254 379
KRAS_M->-ATM_M (3) 
 117 146 231
TP53_N->-PLXNB2_M (3) 
 125 280 366
TP53_M->-PIK3R1_M (3) 
 131 132 218 295
RB1_N->-EP300_M (3) 
 131 132 363 414
CDKN2A_M-?-NF1_N (3) 
 136 380 425
PTPRC_M-?-TP53_N (3) 
 140 446 447
KRAS_M->-ARID1A_N (3) 
 141 191 192 193 231
KRAS_M->-HIST1H4E_M (3) 
 141 263 264 333
TP53_M->-FANCM_N (3) 
 142 175 437
BLM_M-?-TP53_M (3) 
 187 226 306
KRAS_M->-MTOR_M (3) 
 188 189 231 345
KRAS_M->-NCOR1_M (3) 
 188 189 191 192 193 206
KRAS_M->-SMAD4_M (3) 
 190 335 378
PTPRB_M-?-TP53_N (3) 
 204 261 359
FAT1_M-?-KRAS_M (3) 
 204 256 335
TP53_M->-KMT2D_M (3) 
 211 286 372
NCOR1_M-?-TP53_M (3) 
 226 421 424
KRAS_M->-CHD4_M (3) 
 231 302 389
PTPRB_M->-ATR_M (3) 
 232 233 234 235 236 237 238 239 240 241 268 405
ARID1A_M-?-TP53_M (3) 
 247 403 446
TP53_M->-KMT2D_N (3) 
 257 270 416
KRAS_M->-DNAH12_N (3) 
 262 414 466
TP53_M->-TP53BP1_M (3) 
 286 365 450
CREBBP_M->-TET2_M (3) 
 287 385 466
CREBBP_M-?-CUX1_M (3) 
 292 368 388
KRAS_M-?-RASA1_M (3) 
 347 364 423
KRAS_M->-CUX1_M (2.9999) 
 308 309 310 311 312 313 314 315 316 317 318 319 320 321 322 323 324 325 326 327 328 329 330 331 413 464
