CDH1->-PIK3CA (100) 
 3 12 25 35 39 48 50 61 117 127 136 151 175 208 211 212 215 217 227 243 249 254 277 300 308 322 331 339 347 352 374 419 421 426 427 455 466 503 507 511 528 530 534 549 561 562 564 565 592 601 602 620 656 659 677 711 712 718 730 742 747 784 823 829 860 882 898 901 912 928 930 932 937 972 991 1007 1017 1024 1055 1080 1082 1090 1108 1110 1112 1128 1133 1149 1165 1203 1224 1237 1250 1266 1276 1283 1285 1287 1290 1308
TP53->-PIK3CA (83) 
 25 41 62 68 83 100 106 136 166 169 238 258 262 267 281 282 292 293 314 327 388 425 426 438 473 503 506 521 525 533 536 542 544 566 570 581 621 634 656 670 681 682 714 723 725 731 743 750 771 784 789 790 796 804 812 813 829 847 869 894 902 906 951 1005 1012 1019 1022 1033 1036 1037 1051 1078 1118 1137 1151 1157 1166 1169 1207 1238 1244 1286 1296
PIK3CA->-TP53 (69) 
 57 70 76 80 90 107 114 116 148 158 190 209 215 260 269 285 296 298 304 312 330 351 360 380 389 401 410 493 509 543 547 572 584 585 601 604 606 635 637 642 655 664 705 744 747 770 800 853 892 942 946 948 980 990 1016 1059 1064 1093 1114 1140 1170 1193 1200 1229 1243 1259 1298 1304 1314
MAP3K1->-PIK3CA (48) 
 7 8 48 62 72 98 121 170 177 187 217 218 248 307 321 365 378 386 426 479 613 646 666 676 712 751 758 772 792 808 817 886 888 950 958 1033 1056 1068 1074 1079 1099 1107 1135 1144 1148 1198 1287 1297
PIK3CA->-GATA3 (42) 
 38 89 91 114 154 176 239 266 270 277 281 286 313 375 376 498 532 549 572 635 675 677 679 724 747 754 761 780 786 835 953 994 1001 1005 1022 1038 1111 1148 1200 1204 1270 1307
TP53->-PTEN (38) 
 113 120 125 173 314 318 389 411 415 436 458 508 513 514 520 538 542 577 603 622 628 640 642 733 763 800 816 846 925 990 993 1012 1015 1051 1064 1194 1200 1234
GATA3->-PIK3CA (37) 
 37 72 78 145 153 160 170 187 229 240 245 307 363 364 378 467 511 604 611 639 717 745 781 817 896 959 971 1000 1021 1042 1079 1122 1135 1169 1186 1198 1277
PIK3CA->-MAP3K1 (34) 
 25 35 102 134 147 179 197 266 277 331 374 380 400 470 509 576 667 745 773 819 840 856 892 934 971 972 1003 1042 1110 1165 1186 1238 1278 1301
PIK3CA->-KMT2C (33) 
 25 127 168 197 296 308 352 376 379 386 463 503 533 572 608 682 709 773 853 854 862 870 934 950 960 971 1064 1074 1203 1237 1278 1279 1288
CBFB->-PIK3CA (33) 
 153 154 248 266 281 307 314 363 549 608 613 639 652 738 742 774 781 808 912 958 991 994 1016 1017 1033 1055 1088 1101 1121 1135 1179 1266 1277
TP53->-KMT2C (29) 
 22 25 43 64 100 192 233 259 296 404 503 508 533 656 682 701 825 831 853 866 889 902 904 1012 1064 1125 1143 1176 1214
PIK3CA->-CDH1 (28) 
 91 92 119 164 165 170 239 296 298 325 408 476 484 491 652 683 688 726 862 863 952 979 1008 1085 1086 1144 1206 1300
PIK3CA->-FOXA1 (27) 
 25 39 50 66 116 217 236 296 331 332 380 385 386 484 566 722 724 729 780 829 870 930 1044 1142 1148 1225 1276
TP53->-NF1 (27) 
 64 88 120 125 380 437 440 471 509 520 536 566 622 627 725 796 813 815 848 969 981 986 1036 1066 1194 1234 1272
CDH1->-TP53 (26) 
 25 52 85 87 136 146 163 215 259 297 298 341 367 407 490 526 596 601 677 747 782 936 969 998 1035 1213
PIK3CA->-ESR1 (26) 
 58 68 114 140 187 243 250 277 285 385 423 539 549 584 727 742 786 819 844 919 1004 1106 1129 1142 1183 1278
TP53->-MAP3K1 (24) 
 13 22 25 40 120 132 199 253 380 383 387 426 490 492 546 816 889 892 969 997 1033 1163 1238 1255
TP53->-KMT2D (24) 
 99 136 174 190 233 338 389 392 433 459 508 527 655 656 779 789 796 825 837 892 951 990 1134 1220
CDH1->-KMT2C (23) 
 25 127 175 193 198 254 259 308 323 342 352 503 526 589 656 793 862 1024 1149 1203 1237 1247 1289
CDH1->-KMT2C PIK3CA->-KMT2C CDH1->-PIK3CA (7) 
 25 127 308 352 503 1203 1237
TP53->-RB1 (21) 
 146 174 260 297 329 334 351 426 433 435 536 578 630 663 682 831 889 990 1054 1193 1249
CBFB->-GATA3 (21) 
 153 154 266 276 281 290 307 317 363 442 549 639 665 776 781 915 994 1045 1058 1204 1277
CBFB->-GATA3 CBFB->-PIK3CA PIK3CA->-GATA3 (5) 
 154 266 281 549 994
CBFB->-GATA3 CBFB->-PIK3CA GATA3->-PIK3CA (6) 
 153 307 363 639 781 1277
PIK3CA->-FAT1 (20) 
 36 90 204 250 308 521 536 773 786 813 853 863 882 894 939 1044 1059 1126 1243 1279
KMT2C->-PIK3CA (20) 
 38 72 81 100 145 175 248 254 358 506 591 613 656 747 888 1003 1024 1047 1101 1149
KMT2C->-PIK3CA CDH1->-KMT2C CDH1->-PIK3CA (5) 
 175 254 656 1024 1149
PIK3CA->-ARID1A (20) 
 72 92 177 187 197 277 285 332 358 547 572 709 730 751 796 932 952 990 1005 1203
CDH1->-FOXA1 (19) 
 19 25 39 50 87 191 212 217 331 402 462 474 484 565 829 930 1185 1203 1276
CDH1->-FOXA1 PIK3CA->-FOXA1 CDH1->-PIK3CA (8) 
 25 39 50 217 331 829 930 1276
CDH1->-MAP3K1 (19) 
 25 35 48 155 217 277 331 374 475 490 712 969 972 1110 1165 1188 1252 1287 1289
CDH1->-MAP3K1 PIK3CA->-MAP3K1 CDH1->-PIK3CA (8) 
 25 35 277 331 374 972 1110 1165
PIK3CA->-SF3B1 (19) 
 34 96 110 148 231 351 399 426 533 690 786 835 893 952 978 1050 1064 1170 1301
CDH1->-ERBB2 (19) 
 35 39 146 208 232 339 367 446 462 503 799 898 1024 1035 1082 1252 1254 1261 1308
AKT1->-TP53 (19) 
 40 52 93 297 410 417 447 653 701 762 848 936 1100 1115 1134 1146 1176 1213 1303
TP53->-NCOR1 (19) 
 120 132 341 359 391 402 441 513 521 536 572 575 628 644 656 681 807 933 1033
PIK3CA->-RUNX1 (19) 
 147 249 260 286 332 339 408 536 541 565 569 655 720 952 1008 1050 1259 1276 1287
TP53->-CDH1 (19) 
 186 202 296 359 402 426 503 656 698 760 763 784 807 829 831 988 1036 1150 1299
TP53->-CDH1 TP53->-PIK3CA CDH1->-PIK3CA (5) 
 426 503 656 784 829
TP53->-ARID1A (18) 
 25 124 186 295 297 390 547 572 796 911 947 990 1005 1153 1202 1220 1232 1299
TP53->-FAT1 (18) 
 87 90 348 392 499 521 536 813 816 853 876 894 993 1046 1059 1132 1153 1282
MAP2K4->-PIK3CA (18) 
 165 215 275 456 463 532 548 696 797 798 919 937 1016 1022 1044 1131 1227 1283
PIK3CA->-NCOR1 (18) 
 271 470 521 536 541 569 572 585 667 709 720 758 862 937 1016 1128 1203 1281
ESR1->-PIK3CA (17) 
 1 45 89 98 300 614 687 712 758 1014 1071 1122 1157 1187 1199 1248 1273
CDH1->-ARID1A (17) 
 25 61 92 186 211 277 297 507 592 718 730 799 932 952 998 1082 1203
CDH1->-TBX3 (17) 
 42 87 127 455 564 643 659 677 793 824 1086 1097 1155 1261 1266 1276 1287
TBX3->-PIK3CA (17) 
 80 127 293 307 378 491 564 677 843 898 906 932 976 1024 1126 1266 1287
TBX3->-PIK3CA CDH1->-TBX3 CDH1->-PIK3CA (5) 
 127 564 677 1266 1287
TP53->-GATA3 (17) 
 113 114 219 256 281 441 492 632 635 891 988 1002 1005 1022 1046 1162 1200
NCOR1->-PIK3CA (16) 
 36 339 656 677 681 696 712 738 817 860 952 1033 1068 1126 1131 1184
ARID1A->-PIK3CA (15) 
 1 25 59 127 211 212 218 224 438 507 592 718 761 1082 1307
ARID1A->-PIK3CA CDH1->-ARID1A CDH1->-PIK3CA (6) 
 25 211 507 592 718 1082
PIK3CA->-KMT2D (15) 
 12 136 181 190 389 484 655 709 722 789 796 892 951 979 990
PIK3CA->-KMT2D TP53->-KMT2D PIK3CA->-TP53 (5) 
 190 389 655 892 990
CDH1->-RUNX1 (15) 
 19 249 259 339 565 589 782 793 952 1008 1089 1185 1252 1276 1287
CDH1->-RUNX1 PIK3CA->-RUNX1 CDH1->-PIK3CA (5) 
 249 339 565 1276 1287
TP53->-ARID2 (15) 
 41 171 196 329 348 502 655 664 796 816 947 990 1034 1091 1314
PIK3CA->-TBX3 (15) 
 63 107 170 236 438 455 613 635 659 708 729 811 817 1086 1276
TP53->-PIK3R1 (15) 
 101 125 144 282 302 353 513 630 815 816 822 907 955 1194 1311
TP53->-PTPRD (15) 
 112 124 149 253 298 327 359 407 503 596 783 911 1054 1249 1299
CDH1->-NCOR1 (15) 
 221 339 341 402 429 526 656 712 860 862 937 1029 1035 1128 1203
TP53->-NSD1 (14) 
 25 41 120 490 535 590 618 628 634 748 922 1059 1295 1303
TP53->-BRCA2 (14) 
 40 83 94 163 185 192 359 538 595 597 698 892 1143 1214
TP53->-ATR (14) 
 62 120 163 235 391 655 980 986 990 992 1051 1138 1222 1228
TP53->-RUNX1 (13) 
 40 259 260 353 437 449 536 655 782 1117 1220 1260 1302
CDH1->-ESR1 (13) 
 84 162 221 243 277 300 359 549 742 1023 1029 1097 1155
TP53->-KMT2A (13) 
 185 289 527 536 595 627 680 731 750 765 1164 1255 1314
PIK3CA->-PTEN (13) 
 314 324 389 542 642 695 752 800 990 1044 1064 1200 1301
PIK3CA->-PTEN TP53->-PTEN PIK3CA->-TP53 (6) 
 389 642 800 990 1064 1200
MEN1->-GATA3 (12) 
 14 72 483 559 612 636 776 810 842 864 1001 1269
TP53->-FOXA1 (12) 
 25 87 132 253 296 380 402 447 566 805 829 1163
TP53->-CREBBP (12) 
 68 174 235 503 656 725 739 820 904 931 1197 1200
MAP3K1->-GATA3 (12) 
 72 82 187 266 277 378 492 817 1045 1135 1148 1198
MAP3K1->-GATA3 GATA3->-PIK3CA MAP3K1->-PIK3CA (6) 
 72 187 378 817 1135 1198
PIK3CA->-SPEN (12) 
 72 92 197 243 573 615 655 951 1038 1203 1243 1314
PIK3CA->-ATR (12) 
 76 218 236 541 565 655 695 709 717 980 990 1024
PTEN->-PIK3CA (12) 
 110 137 386 528 554 592 792 798 952 1012 1051 1120
TP53->-ALK (12) 
 114 171 327 391 694 816 947 963 1118 1138 1202 1255
TP53->-STAG2 (12) 
 136 178 459 499 503 570 631 660 848 866 1105 1159
NF1->-TP53 (12) 
 149 233 282 298 388 644 749 804 829 1105 1156 1209
NF1->-PIK3CA (12) 
 153 282 298 388 561 566 804 813 829 878 937 1036
TP53->-FLT4 (12) 
 203 247 420 536 655 723 885 889 1005 1114 1132 1305
TP53->-APC (12) 
 274 278 282 295 433 655 921 990 1134 1229 1243 1305
PIK3CA->-PTPRT (12) 
 285 327 389 426 682 695 892 990 1031 1032 1168 1314
PIK3CA->-RB1 (11) 
 36 260 351 536 682 990 1108 1184 1191 1193 1243
TP53->-CDKN2A (11) 
 43 99 341 440 510 617 655 743 895 1062 1078
TP53->-PTPRS (11) 
 52 87 171 233 533 655 765 789 946 948 1162
TP53->-ERBB3 (11) 
 62 388 508 635 746 749 766 796 866 889 1299
PTEN->-TP53 (11) 
 64 65 87 194 252 337 372 437 502 969 1075
TP53->-ATM (11) 
 65 90 185 426 644 655 723 813 895 1018 1059
TP53->-ESR1 (11) 
 68 359 452 473 499 563 588 623 1054 1157 1258
PIK3CA->-NOTCH4 (11) 
 70 218 275 294 426 655 745 892 1021 1114 1203
TP53->-NOTCH4 (11) 
 70 111 196 426 544 655 892 1114 1134 1172 1305
GATA3->-MAP3K1 (11) 
 86 161 170 307 745 905 971 1042 1079 1113 1186
TP53->-TBX3 (11) 
 87 115 438 468 508 635 764 767 1214 1232 1239
PIK3CA->-ATM (11) 
 90 332 386 561 602 655 737 798 813 1038 1059
FOXA1->-PIK3CA (11) 
 118 212 250 266 493 565 731 787 1186 1198 1203
TP53->-MED12 (11) 
 120 144 196 298 327 513 527 536 705 753 1220
CDH1->-CBFB (11) 
 138 172 297 491 549 552 991 1017 1055 1213 1266
CDH1->-CBFB CBFB->-PIK3CA CDH1->-PIK3CA (5) 
 549 991 1017 1055 1266
TP53->-FBXW7 (11) 
 146 186 247 437 487 789 825 829 1139 1249 1296
TP53->-SETD2 (11) 
 171 366 392 536 698 784 848 879 990 1228 1233
TP53->-EPHA5 (11) 
 255 416 450 473 546 664 750 816 947 1207 1214
PIK3CA->-KMT2A (11) 
 386 536 573 731 750 1024 1077 1094 1116 1186 1314
PIK3CA->-RICTOR (10) 
 1 36 39 168 277 503 717 863 948 1200
CDH1->-PTEN (10) 
 19 32 162 505 552 592 763 982 1155 1177
KMT2C->-MAP3K1 (10) 
 22 72 132 197 248 934 971 1003 1278 1289
TP53->-ATRX (10) 
 44 87 129 133 207 441 816 889 990 1051
TP53->-CARD11 (10) 
 62 113 391 536 655 766 866 885 990 1222
TP53->-NOTCH2 (10) 
 65 68 329 334 631 816 904 1018 1037 1172
PIK3CA->-CREBBP (10) 
 68 102 127 503 507 725 745 971 1200 1203
TP53->-EP300 (10) 
 70 99 371 420 578 746 765 955 1209 1222
GATA3->-ARID1A (10) 
 72 153 187 205 277 572 619 975 1102 1291
TP53->-MAP2K4 (10) 
 87 163 415 428 698 762 770 796 1022 1075
ESR1->-GATA3 (10) 
 89 114 277 480 549 791 915 1023 1122 1195
CDH1->-GATA3 (10) 
 91 239 277 442 511 549 677 747 874 1023
PIK3CA->-FLT4 (10) 
 107 364 536 655 695 854 882 1005 1114 1281
PIK3CA->-MED12 (10) 
 170 298 327 386 536 677 705 908 1131 1206
ERBB2->-CDH1 (10) 
 193 241 243 284 296 571 793 818 824 998
TP53->-ARID1B (10) 
 207 351 366 437 660 731 816 1046 1164 1238
ERBB2->-PIK3CA (10) 
 208 243 266 296 503 1003 1024 1047 1082 1308
ERBB2->-PIK3CA CDH1->-ERBB2 CDH1->-PIK3CA (5) 
 208 503 1024 1082 1308
TP53->-PTPRT (10) 
 274 310 327 389 426 656 682 892 990 1314
TP53->-BARD1 (10) 
 274 508 525 538 544 617 629 635 698 725
TP53->-SPEN (10) 
 453 630 655 783 816 951 1115 1223 1243 1314
PIK3CA->-NF1 (9) 
 0 277 380 509 536 796 882 979 1024
KMT2C->-GATA3 (9) 
 14 38 72 480 572 702 747 785 1009
TP53->-EPHB1 (9) 
 25 87 387 433 601 743 815 883 990
ARID1A->-GATA3 (9) 
 51 95 356 445 567 761 944 987 1307
AKT1->-CDH1 (9) 
 52 189 297 303 442 936 1006 1073 1089
PIK3CA->-ARID2 (9) 
 55 217 655 664 796 990 1014 1024 1314
TP53->-ROS1 (9) 
 56 70 144 196 816 969 1134 1232 1238
PIK3CA->-MAP2K4 (9) 
 61 170 403 464 606 726 770 796 851
CDH1->-MAP2K4 (9) 
 61 87 163 170 215 429 474 726 1283
TP53->-RICTOR (9) 
 62 366 503 741 775 948 1046 1200 1296
PTEN->-NF1 (9) 
 64 120 437 520 622 969 1194 1234 1289
PTEN->-NF1 TP53->-NF1 TP53->-PTEN (5) 
 120 520 622 1194 1234
AKT1->-GATA3 (9) 
 82 86 180 228 442 909 1069 1173 1313
TP53->-ANKRD11 (9) 
 83 101 233 285 438 617 837 1166 1286
TP53->-ZFHX3 (9) 
 97 414 438 508 671 764 925 1150 1194
PIK3CA->-PTPRD (9) 
 102 179 225 298 327 479 503 863 1224
TP53->-ERCC5 (9) 
 120 163 199 207 655 682 796 1163 1255
TP53->-SF3B1 (9) 
 148 256 351 426 533 640 1064 1170 1209
PIK3CA->-POLE (9) 
 197 239 277 298 351 990 1114 1243 1292
TP53->-ARID5B (9) 
 237 406 438 503 590 601 892 983 1117
TP53->-POLE (9) 
 298 351 441 513 990 1114 1157 1243 1282
TP53->-POLE PIK3CA->-POLE PIK3CA->-TP53 (5) 
 298 351 990 1114 1243
TP53->-TET2 (9) 
 341 414 536 653 698 714 848 879 885
ATM->-PIK3CA (8) 
 8 72 160 168 426 784 833 893
FOXA1->-MAP3K1 (8) 
 25 132 253 266 331 380 1186 1198
MAP3K1->-KMT2C (8) 
 25 386 430 613 773 888 950 1074
PIK3CA->-ERBB2 (8) 
 35 39 280 339 482 689 898 1262
PIK3CA->-ZFHX3 (8) 
 46 168 285 438 664 934 1001 1059
TP53->-TSC2 (8) 
 56 101 527 755 789 943 1117 1272
PTEN->-KMT2C (8) 
 64 131 350 386 508 957 1064 1289
MEN1->-PIK3CA (8) 
 72 250 509 621 927 1001 1121 1300
CDH1->-AKT1 (8) 
 75 172 649 693 698 711 1213 1247
CDH1->-BRCA2 (8) 
 84 127 163 359 592 698 1023 1287
TBX3->-CDH1 (8) 
 84 170 491 596 898 932 976 1024
PTEN->-CDH1 (8) 
 87 232 424 528 769 952 969 1289
PIK3CA->-PTCH1 (8) 
 105 183 296 386 536 990 1024 1128
NCOR1->-TP53 (8) 
 113 447 526 585 677 1016 1035 1208
PTEN->-MAP3K1 (8) 
 120 386 461 502 792 816 969 1289
RUNX1->-PIK3CA (8) 
 122 130 208 239 491 525 901 1253
PIK3CA->-CDKN1B (8) 
 122 286 412 745 856 929 1168 1266
CDH1->-CREBBP (8) 
 127 151 297 503 507 649 874 1203
KMT2C->-TP53 (8) 
 132 506 526 527 572 747 1175 1306
RB1->-TP53 (8) 
 132 213 447 563 577 822 897 1243
TP53->-BAP1 (8) 
 201 359 360 377 487 535 671 744
RUNX1->-CDH1 (8) 
 208 239 408 474 491 526 571 901
CBFB->-MAP3K1 (8) 
 248 266 307 613 808 958 1033 1045
CBFB->-MAP3K1 CBFB->-PIK3CA MAP3K1->-PIK3CA (6) 
 248 307 613 808 958 1033
CDH1->-NF1 (8) 
 277 462 561 882 969 979 1024 1289
CDH1->-PTPRD (8) 
 298 359 407 503 596 863 1224 1275
CDH1->-APC (8) 
 407 507 561 693 937 1185 1203 1289
TP53->-BRCA1 (8) 
 432 656 698 784 948 1150 1200 1202
PIK3CA->-IGF1R (7) 
 1 277 281 566 1005 1038 1094
TP53->-DNMT1 (7) 
 11 513 590 698 850 1134 1243
CDH1->-KMT2D (7) 
 12 136 484 561 656 979 1097
PIK3CA->-NSD1 (7) 
 25 217 250 709 1042 1059 1262
CDH1->-EPHB1 (7) 
 25 87 354 601 937 972 1188
PIK3CA->-ANKRD11 (7) 
 34 83 285 438 1166 1206 1286
PIK3CA->-BRCA2 (7) 
 46 127 224 373 394 892 1287
PIK3CA->-DNMT3A (7) 
 49 107 426 534 615 1059 1273
CDH1->-PTPRS (7) 
 52 87 887 1024 1082 1112 1289
MAP3K1->-ERBB3 (7) 
 62 72 666 889 950 1068 1274
TP53->-MDC1 (7) 
 62 298 330 389 716 1134 1150
PIK3CA->-ROS1 (7) 
 70 81 107 573 709 990 1238
MAP3K1->-ARID1A (7) 
 72 177 187 277 504 751 1274
GATA3->-SPEN (7) 
 72 369 467 483 1083 1135 1180
PIK3CA->-RAD50 (7) 
 81 277 503 543 681 786 1314
CDH1->-FAT1 (7) 
 87 308 605 650 693 863 882
TP53->-PIK3CG (7) 
 87 116 536 581 765 1034 1222
TP53->-DDR2 (7) 
 87 520 618 731 1117 1153 1295
CDH1->-ERBB3 (7) 
 91 123 151 241 354 824 1155
CDH1->-SPEN (7) 
 92 243 323 693 1049 1203 1275
PIK3CA->-PTPRS (7) 
 102 470 655 798 946 948 1024
PIK3CA->-PIK3C2G (7) 
 102 426 507 642 971 1114 1286
PIK3CA->-DICER1 (7) 
 105 218 258 285 482 725 745
NCOR1->-GATA3 (7) 
 113 356 441 483 677 817 1076
PIK3CA->-AR (7) 
 119 127 158 277 330 770 1008
TP53->-PIK3C2G (7) 
 124 390 426 642 656 1114 1286
PTEN->-PIK3R1 (7) 
 125 131 350 513 816 1194 1289
TP53->-KDM6A (7) 
 133 144 341 431 731 892 1117
MAP3K1->-TBX3 (7) 
 170 378 613 817 1072 1124 1274
TP53->-GRIN2A (7) 
 184 341 372 457 820 1051 1117
CBFB->-CDH1 (7) 
 189 442 652 742 799 807 912
MAP2K4->-TP53 (7) 
 215 606 848 873 973 1015 1016
PIK3CA->-ARID5B (7) 
 229 438 503 601 726 892 1203
CTCF->-PIK3CA (7) 
 275 365 532 666 829 871 1265
PIK3CA->-MDC1 (7) 
 298 330 389 740 971 1059 1203
TP53->-INSR (7) 
 310 438 655 805 942 1159 1160
CDH1->-KMT2A (7) 
 320 342 354 374 486 1023 1024
TP53->-BCOR (7) 
 329 642 713 895 990 1117 1296
RB1->-PIK3CA (7) 
 358 364 426 678 735 795 1149
PIK3CA->-MGA (7) 
 386 536 655 789 953 990 1166
TP53->-NOTCH1 (7) 
 416 426 644 663 784 1207 1245
PIK3CA->-KDR (7) 
 426 637 731 747 1041 1140 1229
TP53->-PDGFRA (7) 
 432 437 628 764 1022 1286 1302
TP53->-PALB2 (7) 
 432 590 629 892 963 1037 1238
PIK3CA->-EPHA5 (7) 
 473 491 664 750 1207 1224 1270
CDKN1B->-PIK3CA (7) 
 479 898 1098 1135 1157 1169 1187
MAP2K4->-GATA3 (7) 
 483 532 665 702 810 873 1022
PIK3CA->-BCOR (7) 
 642 709 740 952 990 1128 1186
ESR1->-ARID1A (6) 
 1 187 277 285 424 1192
NOTCH1->-PIK3CA (6) 
 1 8 592 784 1038 1278
PIK3CA->-CARD11 (6) 
 1 536 655 786 979 990
GATA3->-TP53 (6) 
 5 510 572 604 1169 1221
TP53->-DOT1L (6) 
 13 25 432 671 879 947
TP53->-PIK3CB (6) 
 16 152 298 1059 1228 1305
ARID1A->-KMT2C (6) 
 25 127 523 709 1203 1242
PIK3CA->-EPHB1 (6) 
 25 601 743 950 972 990
STK11->-PIK3CA (6) 
 30 545 679 747 789 1082
PIK3CA->-HIST1H1C (6) 
 36 107 557 742 745 1237
STAG2->-PIK3CA (6) 
 36 72 570 642 679 1090
PIK3CA->-TET1 (6) 
 36 61 536 786 1021 1193
CDH1->-RICTOR (6) 
 39 157 277 503 684 863
AKT1->-MAP3K1 (6) 
 40 82 86 365 861 1312
KDM5C->-PIK3CA (6) 
 45 81 267 592 839 965
ZFHX3->-PIK3CA (6) 
 48 175 561 562 1024 1122
PIK3CA->-MTOR (6) 
 50 70 76 285 937 939
MAP3K1->-TP53 (6) 
 62 502 509 646 868 1208
PIK3CA->-PLK2 (6) 
 68 90 386 919 1123 1203
TP53->-MTOR (6) 
 70 76 644 698 764 1054
PIK3CA->-ERBB3 (6) 
 72 91 388 635 796 950
ATM->-GATA3 (6) 
 72 79 160 315 865 1161
PIK3CA->-NUP93 (6) 
 72 606 655 724 1001 1008
GATA3->-KMT2C (6) 
 79 142 145 376 516 971
TP53->-HNF1A (6) 
 85 201 207 783 990 1209
CDH1->-ATRX (6) 
 87 227 601 874 882 1063
TP53->-KDM5A (6) 
 87 432 433 626 638 750
TP53->-JAK3 (6) 
 87 133 351 524 1022 1222
TP53->-TERT (6) 
 94 536 698 889 1232 1304
TP53->-STK11 (6) 
 99 468 698 789 947 1209
TP53->-RECQL4 (6) 
 101 253 723 825 1015 1207
TP53->-TP63 (6) 
 120 302 527 546 1139 1268
TP53->-IGF1R (6) 
 129 281 566 713 1005 1172
MGA->-PIK3CA (6) 
 130 695 717 1082 1167 1308
KMT2C->-NCOR1 (6) 
 132 572 656 709 862 1203
MAP3K1->-NCOR1 (6) 
 132 667 758 817 1068 1208
PIK3CA->-STAG2 (6) 
 136 503 786 1001 1206 1246
PIK3CA->-NOTCH1 (6) 
 140 426 758 948 1116 1207
TP53->-SOX17 (6) 
 146 255 298 681 933 1271
CDH1->-RB1 (6) 
 146 297 426 505 831 1108
GATA3->-ESR1 (6) 
 187 786 859 909 1083 1241
PIK3CA->-CIC (6) 
 187 190 506 533 937 1050
TP53->-MGA (6) 
 196 536 655 789 990 1166
PIK3CA->-MST1R (6) 
 197 285 688 773 1041 1278
TP53->-DNMT3A (6) 
 226 426 432 503 1059 1295
TP53->-KDR (6) 
 235 426 637 731 1140 1229
PIK3CA->-FGFR2 (6) 
 236 262 308 919 990 1191
PIK3CA->-SETD2 (6) 
 239 386 507 536 990 1082
GATA3->-CDKN1B (6) 
 276 286 734 745 1135 1169
CBFB->-TP53 (6) 
 281 314 807 1016 1033 1213
CDH1->-PTCH1 (6) 
 296 342 368 824 1024 1128
PIK3CA->-PARP1 (6) 
 296 503 655 821 928 1008
TP53->-RPTOR (6) 
 337 525 546 707 1260 1299
PIK3CA->-BAP1 (6) 
 360 648 744 745 856 1106
ESR1->-CDH1 (6) 
 424 512 605 712 887 1049
PTEN->-ARID1A (6) 
 424 583 592 952 957 990
TP53->-NBN (6) 
 458 546 767 829 1234 1268
PIK3CA->-CBFB (6) 
 491 572 695 945 1000 1204
TP53->-RAD50 (6) 
 503 543 681 698 741 1314
CDH1->-SETD2 (6) 
 507 592 698 769 784 1082
TP53->-NOTCH3 (6) 
 595 779 902 963 964 1245
KMT2C->-FAT1 (6) 
 650 747 773 957 1279 1284
PIK3CA->-APC (6) 
 655 937 990 1203 1229 1243
ARID1A->-FAT1 (5) 
 1 445 1153 1274 1284
MEN1->-KMT2C (5) 
 14 72 503 1203 1284
KMT2C->-BRCA2 (5) 
 14 192 650 1143 1175
TP53->-RAF1 (5) 
 16 219 453 866 1232
TP53->-PAK7 (5) 
 17 163 416 601 656
PIK3CA->-EZH2 (5) 
 25 90 772 839 1243
TP53->-TSC1 (5) 
 25 305 807 892 1258
CDH1->-NSD1 (5) 
 25 206 217 490 1289
PIK3CA->-GLI1 (5) 
 26 102 127 990 1024
CBFB->-AKT1 (5) 
 27 172 188 442 781
CBFB->-ARID1A (5) 
 33 153 297 572 799
CHEK2->-PIK3CA (5) 
 36 136 648 784 977
GATA3->-EGFR (5) 
 37 72 915 1195 1291
PIK3CA->-ALK (5) 
 39 114 1000 1203 1227
TP53->-KIT (5) 
 41 503 618 946 1015
PIK3CA->-BRIP1 (5) 
 45 408 541 681 819
ZFHX3->-CDH1 (5) 
 48 175 561 562 920
TP53->-EPHA7 (5) 
 52 62 789 849 1194
SPEN->-PIK3CA (5) 
 55 160 1059 1135 1248
TP53->-BRD4 (5) 
 57 199 341 779 1249
PIK3CA->-JAK3 (5) 
 61 269 351 386 507
TP53->-TCF7L2 (5) 
 62 289 353 1249 1295
TP53->-HIST1H3B (5) 
 62 88 136 623 946
PIK3CA->-RFWD2 (5) 
 62 70 164 709 1237
TP53->-RFWD2 (5) 
 62 70 488 698 766
PIK3CA->-EP300 (5) 
 70 403 541 709 840
ESR1->-MAP3K1 (5) 
 71 277 409 712 1278
KMT2C->-ARID1A (5) 
 72 197 358 572 1284
KMT2C->-CDH1 (5) 
 75 296 650 747 1155
TBX3->-TP53 (5) 
 80 107 293 596 906
TP53->-INPP4B (5) 
 88 207 671 1034 1114
TP53->-ARAF (5) 
 88 328 744 892 1164
TP53->-MET (5) 
 90 196 295 617 671
TP53->-MAP3K13 (5) 
 90 416 544 736 779
MAP3K1->-ESR1 (5) 
 98 187 758 819 1274
PTEN->-SF3B1 (5) 
 110 350 834 952 1064
PIK3CA->-DNMT1 (5) 
 110 386 602 1165 1243
CREBBP->-PIK3CA (5) 
 110 656 784 1008 1126
PTEN->-GATA3 (5) 
 113 265 362 624 1200
PIK3CA->-PIK3CG (5) 
 116 386 536 581 930
CDH1->-AR (5) 
 119 127 277 650 1024
TP53->-FGFR4 (5) 
 120 169 655 1132 1299
NCOR1->-MED12 (5) 
 120 513 536 677 1131
NF1->-PIK3R1 (5) 
 125 131 282 1194 1289
TP53->-AXIN2 (5) 
 126 623 698 889 1018
CDH1->-RFWD2 (5) 
 127 162 164 698 1237
ARID1A->-CDH1 (5) 
 127 212 216 424 1299
CREBBP->-KMT2C (5) 
 127 656 904 971 1203
KMT2C->-TBX3 (5) 
 132 613 793 900 1155
CDH1->-STAG2 (5) 
 136 503 1090 1188 1206
PIK3CA->-TET2 (5) 
 140 536 1031 1130 1168
TP53->-ERBB2 (5) 
 146 253 367 503 603
TP53->-PBRM1 (5) 
 146 185 377 885 889
CDH1->-IKZF1 (5) 
 146 507 592 712 874
PIK3CA->-BRCA1 (5) 
 154 291 717 948 1200
TP53->-POLD1 (5) 
 156 366 596 1034 1258
GATA3->-TBX3 (5) 
 170 307 378 817 1161
CDH1->-MED12 (5) 
 170 298 507 677 1289
PIK3CA->-TERT (5) 
 176 332 455 536 1304
PIK3R1->-TP53 (5) 
 192 196 361 674 911
ERBB2->-KMT2C (5) 
 193 296 503 793 1024
TP53->-XPO1 (5) 
 207 253 698 925 1220
MAP3K1->-NOTCH4 (5) 
 218 426 574 745 892
PIK3CA->-GRIN2A (5) 
 218 225 798 1051 1077
PIK3CA->-ATRX (5) 
 227 601 882 990 1051
FOXA1->-GATA3 (5) 
 266 780 802 1186 1198
CDH1->-RAD50 (5) 
 277 503 507 698 1289
ERBB2->-TP53 (5) 
 296 775 998 1035 1239
TP53->-PARP1 (5) 
 296 413 503 655 955
AKT1->-NOTCH2 (5) 
 303 382 410 768 1313
TP53->-BRIP1 (5) 
 310 681 775 849 1296
ERBB2->-RUNX1 (5) 
 333 339 788 793 1252
TP53->-CEBPA (5) 
 338 536 964 997 1228
NCOR1->-RUNX1 (5) 
 339 541 720 793 952
ARID2->-ARID1A (5) 
 356 619 947 990 1274
ARID2->-GATA3 (5) 
 356 619 702 785 1027
NCOR1->-CDH1 (5) 
 359 677 793 807 952
TP53->-JAK1 (5) 
 359 377 438 468 1134
KMT2D->-PIK3CA (5) 
 364 561 656 747 1186
PTEN->-GRIN2A (5) 
 372 592 798 957 1051
PIK3CA->-SMAD4 (5) 
 403 562 709 843 929
MAP2K4->-PTEN (5) 
 415 798 917 1015 1044
GATA3->-CREBBP (5) 
 434 745 874 971 1200
TP53->-GLI1 (5) 
 436 618 990 1125 1153
TP53->-CIC (5) 
 437 447 459 506 533
TP53->-IRF4 (5) 
 438 492 698 922 1105
TP53->-SMARCA4 (5) 
 441 525 804 990 1139
TP53->-TRAF2 (5) 
 457 892 990 1153 1268
PIK3CA->-KRAS (5) 
 463 633 908 1167 1203
PIK3CA->-BLM (5) 
 464 507 562 953 1148
TP53->-PIK3R2 (5) 
 469 760 891 1046 1267
PIK3CA->-ERCC4 (5) 
 470 507 584 709 786
ARID1A->-IKZF1 (5) 
 507 592 709 1211 1242
AKT1->-KMT2C (5) 
 523 701 1010 1115 1176
RUNX1->-TP53 (5) 
 525 526 1081 1159 1259
PTPRS->-PIK3CA (5) 
 533 789 1082 1112 1186
TP53->-TET1 (5) 
 536 816 1153 1193 1223
TP53->-ERBB4 (5) 
 563 889 1114 1125 1194
CBFB->-NCOR1 (5) 
 572 738 807 1016 1033
CDH1->-DNMT1 (5) 
 589 602 693 698 1165
CDH1->-XPO1 (5) 
 649 650 698 1203 1285
ARID1B->-PIK3CA (5) 
 731 747 752 1024 1238
AKT1->-MAP2K4 (5) 
 762 768 848 1010 1053
ERBB2->-TBX3 (5) 
 788 793 824 1239 1274
GPS2->-PIK3CA (5) 
 829 896 919 937 1237
