KRAS_M-?-TP53_M (28) 
 12 23 28 48 100 105 114 125 138 142 166 181 182 186 206 229 247 265 269 275 279 301 319 324 325 342 351 373
KRAS_M-?-STK11_N (14) 
 46 175 186 187 222 254 271 286 287 304 306 322 329 386
KEAP1_M-?-KRAS_M (9) 
 48 175 218 229 268 271 286 287 366
KEAP1_M-?-TP53_M (13) 
 15 18 48 71 109 191 194 197 229 315 333 339 374
RB1_N-?-TP53_M (9) 
 24 45 128 239 252 267 340 342 377
CDKN2A_M-?-TP53_M (13) 
 57 60 109 117 132 172 182 184 224 264 320 327 345
NFE2L2_M-?-TP53_M (11) 
 59 68 80 130 184 190 237 264 276 302 377
KEAP1_M-?-STK11_N (6) 
 175 202 271 286 287 323
KEAP1_M-?-TP53_N (8) 
 5 111 211 220 221 241 291 374
CDKN2A_N-?-TP53_M (12) 
 75 103 109 172 190 229 255 283 299 308 309 344
KMT2D_M-?-TP53_M (10) 
 48 62 118 127 190 237 283 301 336 374
PIK3CA_M-?-TP53_M (10) 
 57 76 80 101 106 130 163 189 319 327
KMT2D_N-?-TP53_M (10) 
 104 155 163 215 298 299 328 330 336 340
FANCM_M-?-TP53_M (5) 
 114 118 128 190 377
NF1_M-?-TP53_M (10) 
 28 48 138 139 263 288 337 348 376 387
KRAS_M-?-PIK3CA_M (6) 
 33 160 243 319 378 385
KRAS_M-?-TP53_N (10) 
 47 134 167 185 203 225 243 273 310 373
CREBBP_M-?-TP53_M (9) 
 106 178 191 247 256 264 319 336 344
FAT1_M-?-TP53_M (8) 
 14 73 120 172 191 275 336 384
MGA_N-?-TP53_M (7) 
 18 23 48 100 157 178 182
ARID2_M-?-TP53_M (5) 
 18 79 118 237 340
APC_M-?-TP53_M (7) 
 117 127 172 178 255 277 312
GRIN2A_M-?-TP53_M (5) 
 132 138 184 190 258
KRAS_M-?-NF1_M (7) 
 28 36 48 138 167 285 329
ATM_M-?-KRAS_M (8) 
 29 31 144 173 223 306 329 393
TP53_M->-UBR5_M (11) 
 48 59 68 89 160 178 190 215 302 308 327
FAT1_N-?-TP53_M (10) 
 63 69 75 95 106 145 163 248 301 367
CUX1_M-?-TP53_M (8) 
 81 157 172 233 237 256 297 330
KRAS_M-?-STK11_M (9) 
 123 134 146 154 168 229 268 273 370
SMARCA4_N-?-TP53_M (6) 
 171 184 258 263 281 376
SMARCA4_M-?-TP53_M (5) 
 172 178 256 257 269
TP53_M-?-ZFP36L1_M (5) 
 51 142 172 270 385
CDKN2A_M-?-NFE2L2_M (6) 
 67 184 243 251 264 296
KRAS_M-?-PTPRB_M (5) 
 173 185 247 287 325
KEAP1_M-?-STK11_M (6) 
 6 180 229 268 293 339
KRAS_M-?-MGA_N (6) 
 16 23 48 100 173 182
RYR2_N-?-TP53_M (6) 
 45 100 104 118 138 337
STK11_M-?-TP53_M (8) 
 90 135 229 281 328 339 345 384
RASA1_M-?-TP53_M (6) 
 113 127 191 200 301 351
CDKN2A_M-?-TP53_N (5) 
 221 243 296 316 353
BRAF_M-?-TP53_M (7) 
 4 7 44 99 135 312 336
SPEN_M-?-TP53_M (5) 
 14 91 95 143 256
GRIN2A_M-?-KRAS_M (5) 
 36 134 138 222 363
ARID1A_N-?-TP53_M (6) 
 48 95 255 264 315 358
IKZF1_M-?-TP53_M (6) 
 118 172 191 290 336 339
PTPRB_M-?-TP53_M (6) 
 157 247 325 345 384 390
STK11_N-?-TP53_M (5) 
 22 91 186 217 297
TP53_M->-CHD4_M (7) 
 56 127 200 265 276 288 379
KEAP1_N-?-TP53_M (6) 
 90 215 255 269 345 354
KRAS_M->-TP53_M (7) 
 137 254 266 313 343 366 385
DOT1L_M-?-TP53_M (5) 
 45 135 179 215 315
COL2A1_M-?-TP53_M (5) 
 45 148 337 339 347
KMT2D_M-?-KRAS_M (5) 
 48 108 207 253 301
TP53_M->-FAT1_M (6) 
 51 58 151 181 247 331
NF1_N-?-TP53_M (6) 
 101 132 162 270 317 384
KRAS_M-?-SETD2_N (5) 
 167 182 275 319 378
ARHGAP35_N-?-TP53_M (5) 
 7 44 169 213 290
TP53_M->-PIK3CA_M (5) 
 18 109 160 302 320
TP53_M->-ASXL2_M (5) 
 18 197 298 315 385
EGFR_M-?-TP53_M (5) 
 19 24 53 131 264
TP53_M->-ATM_M (5) 
 22 114 142 250 333
KRAS_M-?-SMARCA4_M (5) 
 52 112 218 269 310
TP53_M->-CYLD_M (5) 
 57 75 213 255 257
KRAS_M->-SMARCA4_M (5) 
 134 156 175 271 385
KRAS_M->-TET2_M (5) 
 153 230 319 325 391
